748.00
235.00
-38.00
700.00
260.00
-40.00
650.00
270.00
-31.00
617.00
236.00
-35.00
605.00
205.00
-25.00
635.00
175.00
-18.00
695.00
165.00
-37.00
735.00
185.00
-32.00
718.00
235.00
60.00
670.00
260.00
60.00
620.00
270.00
60.00
587.00
236.00
60.00
575.00
205.00
60.00
605.00
175.00
60.00
665.00
165.00
60.00
705.00
185.00
60.00
714.00
220.00
203.00
701.00
279.00
197.00
603.00
295.00
201.00
531.00
307.00
193.00
486.00
266.00
207.00
520.00
232.00
205.00
579.00
201.00
206.00
654.00
191.00
210.00
679.00
201.00
380.00
638.00
227.00
380.00
553.00
256.00
380.00
473.00
252.00
378.00
400.00
207.00
380.00
456.00
162.00
382.00
565.00
160.00
380.00
637.00
160.00
384.00
738.00
303.00
540.00
670.00
304.00
540.00
592.00
266.00
540.00
537.00
247.00
540.00
452.00
180.00
540.00
478.00
118.00
540.00
573.00
126.00
540.00
695.00
207.00
540.00
600.00
303.00
720.00
531.00
354.00
720.00
453.00
319.00
720.00
382.00
235.00
720.00
422.00
174.00
720.00
496.00
159.00
720.00
562.00
216.00
720.00
615.00
233.00
715.00
631.00
338.00
897.00
611.00
412.00
890.00
498.00
398.00
890.00
381.00
370.00
888.00
318.00
305.00
890.00
422.00
251.00
888.00
472.00
262.00
890.00
591.00
312.00
890.00
656.00
330.00
977.00
628.00
416.00
982.00
503.00
398.00
960.00
393.00
367.00
968.00
338.00
305.00
970.00
380.00
257.00
965.00
455.00
286.00
963.00
572.00
326.00
970.00
652.00
329.00
1050.00
605.00
416.00
1037.00
510.00
405.00
1045.00
413.00
361.00
1044.00
358.00
305.00
1050.00
392.00
284.00
1059.00
480.00
321.00
1053.00
575.00
335.00
1047.00
855.00
220.00
-70.00
881.00
346.00
-50.00
705.00
393.00
-54.00
528.00
387.00
-40.00
442.00
315.00
-30.00
452.00
123.00
-30.00
614.00
58.00
-40.00
797.00
76.00
-50.00
925.00
248.00
60.00
899.00
402.00
63.00
733.00
433.00
60.00
545.00
412.00
75.00
371.00
278.00
63.00
452.00
170.00
79.00
604.00
123.00
80.00
850.00
107.00
65.00
965.00
313.00
216.00
904.00
413.00
211.00
696.00
434.00
220.00
436.00
407.00
179.00
275.00
186.00
180.00
422.00
79.00
182.00
615.00
60.00
213.00
884.00
150.00
216.00
966.00
352.00
397.00
876.00
410.00
375.00
705.00
389.00
369.00
407.00
347.00
356.00
264.00
173.00
360.00
430.00
29.00
380.00
656.00
55.00
390.00
915.00
158.00
382.00
1047.00
336.00
541.00
911.00
408.00
525.00
679.00
397.00
528.00
395.00
377.00
526.00
275.00
236.00
535.00
460.00
79.00
550.00
665.00
63.00
537.00
919.00
150.00
549.00
1013.00
407.00
717.00
897.00
487.00
693.00
669.00
429.00
715.00
364.00
392.00
718.00
178.00
194.00
741.00
406.00
35.00
751.00
624.00
41.00
738.00
845.00
158.00
718.00
970.00
443.00
861.00
891.00
567.00
837.00
630.00
465.00
892.00
313.00
436.00
865.00
165.00
253.00
894.00
295.00
110.00
876.00
570.00
89.00
851.00
776.00
145.00
871.00
921.00
501.00
952.00
811.00
551.00
938.00
535.00
460.00
978.00
246.00
507.00
961.00
72.00
437.00
981.00
261.00
194.00
976.00
546.00
166.00
979.00
772.00
281.00
965.00
897.00
789.00
1048.00
706.00
588.00
1050.00
461.00
464.00
1048.00
226.00
561.00
1040.00
75.00
626.00
1048.00
176.00
230.00
1048.00
505.00
277.00
1048.00
828.00
339.00
1044.00
