55.88
55.78
139.60
162.87
102.75
105.25
150.58
127.84
112.69
200.64
207.41
269.47
52.76
51.91
186.36
173.28
105.25
96.05
127.84
125.08
200.64
136.69
269.47
198.34
48.72
48.44
178.73
191.56
96.05
100.47
125.08
121.75
136.69
175.35
198.34
181.56
36.32
34.76
120.00
224.88
100.47
90.97
121.75
122.95
175.35
196.71
181.56
216.69
44.78
43.81
197.56
151.15
90.97
84.28
122.95
122.08
196.71
190.62
216.69
154.26
64.41
61.37
180.84
160.60
84.28
101.96
122.08
139.14
190.62
134.23
154.26
76.71
46.80
46.25
188.07
249.63
101.96
96.77
139.14
130.50
134.23
126.68
76.71
164.72
54.57
54.20
160.99
169.62
96.77
102.75
130.50
150.58
126.68
112.69
164.72
207.41
55.78
67.45
162.87
128.43
144.00
143.70
174.19
149.01
207.41
269.47
267.99
243.64
51.91
100.31
173.28
210.94
143.70
144.84
149.01
165.13
269.47
198.34
243.64
168.32
48.44
74.29
191.56
268.45
144.84
162.85
165.13
153.47
198.34
181.56
168.32
138.64
34.76
65.93
224.88
283.09
162.85
183.75
153.47
178.78
181.56
216.69
138.64
227.27
43.81
51.84
151.15
199.35
183.75
179.15
178.78
143.40
216.69
154.26
227.27
183.14
61.37
66.94
160.60
199.01
179.15
174.34
143.40
149.67
154.26
76.71
183.14
145.69
46.25
76.37
249.63
285.80
174.34
158.85
149.67
160.87
76.71
164.72
145.69
233.70
54.20
69.62
169.62
188.66
158.85
144.00
160.87
174.19
164.72
207.41
233.70
267.99
67.45
52.65
128.43
121.86
183.79
202.64
186.18
166.80
267.99
243.64
324.74
300.26
100.31
90.05
210.94
173.09
202.64
190.84
166.80
156.62
243.64
168.32
300.26
202.27
74.29
80.91
268.45
302.88
190.84
203.94
156.62
190.74
168.32
138.64
202.27
117.75
65.93
89.97
283.09
239.67
203.94
204.60
190.74
183.46
138.64
227.27
117.75
141.61
51.84
79.85
199.35
234.41
204.60
202.70
183.46
205.97
227.27
183.14
141.61
135.53
66.94
109.43
199.01
231.15
202.70
180.51
205.97
182.23
183.14
145.69
135.53
139.31
76.37
72.66
285.80
281.64
180.51
178.94
182.23
169.32
145.69
233.70
139.31
278.01
69.62
62.35
188.66
209.38
178.94
183.79
169.32
186.18
233.70
267.99
278.01
324.74
52.65
78.12
121.86
172.17
204.12
185.38
168.81
155.38
324.74
300.26
310.76
262.91
90.05
86.97
173.09
232.89
185.38
169.45
155.38
161.85
300.26
202.27
262.91
157.71
80.91
58.51
302.88
286.14
169.45
180.48
161.85
173.87
202.27
117.75
157.71
193.03
89.97
109.64
239.67
204.87
180.48
172.84
173.87
188.74
117.75
141.61
193.03
185.71
79.85
76.52
234.41
251.26
172.84
167.25
188.74
181.97
141.61
135.53
185.71
44.10
109.43
98.08
231.15
209.55
167.25
165.64
181.97
148.10
135.53
139.31
44.10
111.54
72.66
147.33
281.64
270.99
165.64
175.65
148.10
168.09
139.31
278.01
111.54
231.31
62.35
109.41
209.38
234.35
175.65
204.12
168.09
168.81
278.01
324.74
231.31
310.76
78.12
88.36
172.17
171.24
230.83
236.45
194.55
186.85
310.76
262.91
425.90
390.35
86.97
87.95
232.89
237.56
236.45
236.38
186.85
190.10
262.91
157.71
390.35
242.45
58.51
111.84
286.14
309.20
236.38
242.56
190.10
195.26
157.71
193.03
242.45
158.04
109.64
78.62
204.87
291.24
242.56
186.14
195.26
233.20
193.03
185.71
158.04
245.72
76.52
78.10
251.26
293.47
186.14
187.40
233.20
215.28
185.71
44.10
245.72
156.32
98.08
88.07
209.55
222.62
187.40
203.17
215.28
206.91
44.10
111.54
156.32
186.53
147.33
58.85
270.99
253.46
203.17
195.87
206.91
185.20
111.54
231.31
186.53
241.94
109.41
74.75
234.35
304.58
195.87
230.83
185.20
194.55
231.31
310.76
241.94
425.90
88.36
83.74
171.24
184.87
186.31
201.25
154.80
166.12
425.90
390.35
356.71
324.40
87.95
115.75
237.56
288.52
201.25
196.15
166.12
185.66
390.35
242.45
324.40
148.04
111.84
120.80
309.20
321.72
196.15
219.50
185.66
162.36
242.45
158.04
148.04
97.51
78.62
100.33
291.24
249.38
219.50
239.80
162.36
170.24
158.04
245.72
97.51
161.64
78.10
121.43
293.47
209.65
239.80
206.24
170.24
185.91
245.72
156.32
161.64
190.14
88.07
53.51
222.62
279.12
206.24
198.44
185.91
135.75
156.32
186.53
190.14
202.62
58.85
129.11
253.46
220.81
198.44
193.99
135.75
171.33
186.53
241.94
202.62
249.95
74.75
51.97
304.58
359.15
193.99
186.31
171.33
154.80
241.94
425.90
249.95
356.71
83.74
102.24
184.87
154.12
84.83
94.82
125.02
132.46
356.71
324.40
316.37
231.62
115.75
130.59
288.52
294.80
94.82
71.68
132.46
129.95
324.40
148.04
231.62
72.06
120.80
115.15
321.72
294.84
71.68
85.07
129.95
137.38
148.04
97.51
72.06
203.12
100.33
86.05
249.38
218.01
85.07
89.97
137.38
225.73
97.51
161.64
203.12
297.15
121.43
71.13
209.65
318.62
89.97
89.57
225.73
135.93
161.64
190.14
297.15
135.10
53.51
81.77
279.12
292.28
89.57
79.86
135.93
151.96
190.14
202.62
135.10
151.45
129.11
123.95
220.81
257.57
79.86
83.94
151.96
169.12
202.62
249.95
151.45
205.06
51.97
89.42
359.15
270.30
83.94
84.83
169.12
125.02
249.95
356.71
205.06
316.37
102.24
107.13
154.12
337.42
73.33
60.36
305.00
158.17
316.37
231.62
521.18
199.88
130.59
99.00
294.80
278.84
60.36
85.58
158.17
101.96
231.62
72.06
199.88
76.75
115.15
106.89
294.84
257.91
85.58
78.84
101.96
98.04
72.06
203.12
76.75
273.83
86.05
80.36
218.01
216.04
78.84
82.46
98.04
201.38
203.12
297.15
273.83
427.94
71.13
52.03
318.62
423.19
82.46
99.10
201.38
117.94
297.15
135.10
427.94
222.92
81.77
96.00
292.28
348.97
99.10
99.99
117.94
137.61
135.10
151.45
222.92
50.85
123.95
96.42
257.57
343.62
99.99
77.69
137.61
114.35
151.45
205.06
50.85
253.05
89.42
85.75
270.30
473.30
77.69
73.33
114.35
305.00
205.06
316.37
253.05
521.18
